0.4 -5.01907e+08
0.401997 -5.01268e+08
0.403993 -5.0063e+08
0.40599 -4.99992e+08
0.407987 -4.99354e+08
0.409983 -4.98718e+08
0.41198 -4.98082e+08
0.413977 -4.97446e+08
0.415973 -4.96811e+08
0.41797 -4.96176e+08
0.419967 -4.95542e+08
0.421963 -4.94909e+08
0.42396 -4.94276e+08
0.425957 -4.93643e+08
0.427953 -4.93011e+08
0.42995 -4.9238e+08
0.431946 -4.91749e+08
0.433943 -4.91119e+08
0.43594 -4.90489e+08
0.437936 -4.8986e+08
0.439933 -4.89231e+08
0.44193 -4.88603e+08
0.443926 -4.87975e+08
0.445923 -4.87348e+08
0.44792 -4.86722e+08
0.449916 -4.86096e+08
0.451913 -4.8547e+08
0.45391 -4.84845e+08
0.455906 -4.84221e+08
0.457903 -4.83597e+08
0.4599 -4.82973e+08
0.461896 -4.8235e+08
0.463893 -4.81728e+08
0.46589 -4.81106e+08
0.467886 -4.80485e+08
0.469883 -4.79864e+08
0.47188 -4.79244e+08
0.473876 -4.78624e+08
0.475873 -4.78005e+08
0.47787 -4.77387e+08
0.479866 -4.76769e+08
0.481863 -4.76151e+08
0.48386 -4.75534e+08
0.485856 -4.74918e+08
0.487853 -4.74302e+08
0.489849 -4.73686e+08
0.491846 -4.73071e+08
0.493843 -4.72457e+08
0.495839 -4.71843e+08
0.497836 -4.7123e+08
0.499833 -4.70617e+08
0.501829 -4.70005e+08
0.503826 -4.69393e+08
0.505823 -4.68782e+08
0.507819 -4.68171e+08
0.509816 -4.67561e+08
0.511813 -4.66951e+08
0.513809 -4.66342e+08
0.515806 -4.65733e+08
0.517803 -4.65125e+08
0.519799 -4.64518e+08
0.521796 -4.63911e+08
0.523793 -4.63304e+08
0.525789 -4.62698e+08
0.527786 -4.62093e+08
0.529783 -4.61488e+08
0.531779 -4.60883e+08
0.533776 -4.60279e+08
0.535773 -4.59676e+08
0.537769 -4.59073e+08
0.539766 -4.58471e+08
0.541763 -4.57869e+08
0.543759 -4.57268e+08
0.545756 -4.56667e+08
0.547753 -4.56067e+08
0.549749 -4.55467e+08
0.551746 -4.54868e+08
0.553742 -4.54269e+08
0.555739 -4.53671e+08
0.557736 -4.53074e+08
0.559732 -4.52476e+08
0.561729 -4.5188e+08
0.563726 -4.51284e+08
0.565722 -4.50688e+08
0.567719 -4.50093e+08
0.569716 -4.49499e+08
0.571712 -4.48905e+08
0.573709 -4.48311e+08
0.575706 -4.47718e+08
0.577702 -4.47126e+08
0.579699 -4.46534e+08
0.581696 -4.45942e+08
0.583692 -4.45352e+08
0.585689 -4.44761e+08
0.587686 -4.44171e+08
0.589682 -4.43582e+08
0.591679 -4.42993e+08
0.593676 -4.42405e+08
0.595672 -4.41817e+08
0.597669 -4.4123e+08
0.599666 -4.40643e+08
0.601662 -4.40057e+08
0.603659 -4.39471e+08
0.605656 -4.38886e+08
0.607652 -4.38301e+08
0.609649 -4.37717e+08
0.611645 -4.37133e+08
0.613642 -4.3655e+08
0.615639 -4.35967e+08
0.617635 -4.35385e+08
0.619632 -4.34804e+08
0.621629 -4.34223e+08
0.623625 -4.33642e+08
0.625622 -4.33062e+08
0.627619 -4.32482e+08
0.629615 -4.31903e+08
0.631612 -4.31325e+08
0.633609 -4.30747e+08
0.635605 -4.30169e+08
0.637602 -4.29592e+08
0.639599 -4.29016e+08
0.641595 -4.2844e+08
0.643592 -4.27864e+08
0.645589 -4.27289e+08
0.647585 -4.26715e+08
0.649582 -4.26141e+08
0.651579 -4.25567e+08
0.653575 -4.24995e+08
0.655572 -4.24422e+08
0.657569 -4.2385e+08
0.659565 -4.23279e+08
0.661562 -4.22708e+08
0.663559 -4.22138e+08
0.665555 -4.21568e+08
0.667552 -4.20998e+08
0.669548 -4.20429e+08
0.671545 -4.19861e+08
0.673542 -4.19293e+08
0.675538 -4.18726e+08
0.677535 -4.18159e+08
0.679532 -4.17593e+08
0.681528 -4.17027e+08
0.683525 -4.16462e+08
0.685522 -4.15897e+08
0.687518 -4.15333e+08
0.689515 -4.14769e+08
0.691512 -4.14205e+08
0.693508 -4.13643e+08
0.695505 -4.1308e+08
0.697502 -4.12519e+08
0.699498 -4.11957e+08
0.701495 -4.11397e+08
0.703492 -4.10836e+08
0.705488 -4.10277e+08
0.707485 -4.09717e+08
0.709482 -4.09159e+08
0.711478 -4.086e+08
0.713475 -4.08043e+08
0.715472 -4.07485e+08
0.717468 -4.06929e+08
0.719465 -4.06372e+08
0.721462 -4.05817e+08
0.723458 -4.05261e+08
0.725455 -4.04707e+08
0.727452 -4.04152e+08
0.729448 -4.03599e+08
0.731445 -4.03045e+08
0.733441 -4.02493e+08
0.735438 -4.0194e+08
0.737435 -4.01389e+08
0.739431 -4.00837e+08
0.741428 -4.00287e+08
0.743425 -3.99737e+08
0.745421 -3.99187e+08
0.747418 -3.98638e+08
0.749415 -3.98089e+08
0.751411 -3.97541e+08
0.753408 -3.96993e+08
0.755405 -3.96446e+08
0.757401 -3.95899e+08
0.759398 -3.95353e+08
0.761395 -3.94807e+08
0.763391 -3.94262e+08
0.765388 -3.93717e+08
0.767385 -3.93173e+08
0.769381 -3.92629e+08
0.771378 -3.92086e+08
0.773375 -3.91543e+08
0.775371 -3.91001e+08
0.777368 -3.90459e+08
0.779365 -3.89917e+08
0.781361 -3.89377e+08
0.783358 -3.88836e+08
0.785355 -3.88297e+08
0.787351 -3.87757e+08
0.789348 -3.87218e+08
0.791344 -3.8668e+08
0.793341 -3.86142e+08
0.795338 -3.85605e+08
0.797334 -3.85068e+08
0.799331 -3.84532e+08
0.801328 -3.83996e+08
0.803324 -3.83461e+08
0.805321 -3.82926e+08
0.807318 -3.82391e+08
0.809314 -3.81857e+08
0.811311 -3.81324e+08
0.813308 -3.80791e+08
0.815304 -3.80259e+08
0.817301 -3.79727e+08
0.819298 -3.79195e+08
0.821294 -3.78665e+08
0.823291 -3.78134e+08
0.825288 -3.77604e+08
0.827284 -3.77075e+08
0.829281 -3.76546e+08
0.831278 -3.76017e+08
0.833274 -3.75489e+08
0.835271 -3.74962e+08
0.837268 -3.74435e+08
0.839264 -3.73908e+08
0.841261 -3.73382e+08
0.843258 -3.72857e+08
0.845254 -3.72332e+08
0.847251 -3.71807e+08
0.849247 -3.71283e+08
0.851244 -3.70759e+08
0.853241 -3.70236e+08
0.855237 -3.69713e+08
0.857234 -3.69191e+08
0.859231 -3.6867e+08
0.861227 -3.68149e+08
0.863224 -3.67628e+08
0.865221 -3.67108e+08
0.867217 -3.66588e+08
0.869214 -3.66069e+08
0.871211 -3.6555e+08
0.873207 -3.65032e+08
0.875204 -3.64514e+08
0.877201 -3.63997e+08
0.879197 -3.6348e+08
0.881194 -3.62964e+08
0.883191 -3.62448e+08
0.885187 -3.61932e+08
0.887184 -3.61417e+08
0.889181 -3.60903e+08
0.891177 -3.60389e+08
0.893174 -3.59876e+08
0.895171 -3.59363e+08
0.897167 -3.5885e+08
0.899164 -3.58338e+08
0.901161 -3.57827e+08
0.903157 -3.57316e+08
0.905154 -3.56805e+08
0.907151 -3.56295e+08
0.909147 -3.55786e+08
0.911144 -3.55277e+08
0.91314 -3.54768e+08
0.915137 -3.5426e+08
0.917134 -3.53752e+08
0.91913 -3.53245e+08
0.921127 -3.52738e+08
0.923124 -3.52232e+08
0.92512 -3.51727e+08
0.927117 -3.51221e+08
0.929114 -3.50716e+08
0.93111 -3.50212e+08
0.933107 -3.49708e+08
0.935104 -3.49205e+08
0.9371 -3.48702e+08
0.939097 -3.482e+08
0.941094 -3.47698e+08
0.94309 -3.47196e+08
0.945087 -3.46696e+08
0.947084 -3.46195e+08
0.94908 -3.45695e+08
0.951077 -3.45196e+08
0.953074 -3.44696e+08
0.95507 -3.44198e+08
0.957067 -3.437e+08
0.959064 -3.43202e+08
0.96106 -3.42705e+08
0.963057 -3.42208e+08
0.965054 -3.41712e+08
0.96705 -3.41216e+08
0.969047 -3.40721e+08
0.971043 -3.40226e+08
0.97304 -3.39732e+08
0.975037 -3.39238e+08
0.977033 -3.38745e+08
0.97903 -3.38252e+08
0.981027 -3.3776e+08
0.983023 -3.37268e+08
0.98502 -3.36776e+08
0.987017 -3.36285e+08
0.989013 -3.35795e+08
0.99101 -3.35305e+08
0.993007 -3.34815e+08
0.995003 -3.34326e+08
0.997 -3.33837e+08
