-1 -1.09508e+09
-0.993321 -1.0915e+09
-0.986642 -1.08793e+09
-0.979963 -1.08437e+09
-0.973284 -1.08081e+09
-0.966605 -1.07726e+09
-0.959926 -1.07372e+09
-0.953247 -1.07019e+09
-0.946569 -1.06667e+09
-0.93989 -1.06315e+09
-0.933211 -1.05964e+09
-0.926532 -1.05614e+09
-0.919853 -1.05264e+09
-0.913174 -1.04916e+09
-0.906495 -1.04568e+09
-0.899816 -1.04221e+09
-0.893137 -1.03874e+09
-0.886458 -1.03529e+09
-0.879779 -1.03184e+09
-0.8731 -1.0284e+09
-0.866421 -1.02496e+09
-0.859742 -1.02154e+09
-0.853064 -1.01812e+09
-0.846385 -1.01471e+09
-0.839706 -1.01131e+09
-0.833027 -1.00791e+09
-0.826348 -1.00453e+09
-0.819669 -1.00115e+09
-0.81299 -9.97773e+08
-0.806311 -9.94408e+08
-0.799632 -9.9105e+08
-0.792953 -9.87701e+08
-0.786274 -9.84358e+08
-0.779595 -9.81023e+08
-0.772916 -9.77696e+08
-0.766237 -9.74376e+08
-0.759559 -9.71063e+08
-0.75288 -9.67759e+08
-0.746201 -9.64461e+08
-0.739522 -9.61171e+08
-0.732843 -9.57888e+08
-0.726164 -9.54613e+08
-0.719485 -9.51345e+08
-0.712806 -9.48085e+08
-0.706127 -9.44832e+08
-0.699448 -9.41587e+08
-0.692769 -9.38349e+08
-0.68609 -9.35118e+08
-0.679411 -9.31895e+08
-0.672732 -9.28679e+08
-0.666054 -9.2547e+08
-0.659375 -9.22269e+08
-0.652696 -9.19075e+08
-0.646017 -9.15888e+08
-0.639338 -9.12709e+08
-0.632659 -9.09537e+08
-0.62598 -9.06373e+08
-0.619301 -9.03215e+08
-0.612622 -9.00065e+08
-0.605943 -8.96922e+08
-0.599264 -8.93787e+08
-0.592585 -8.90659e+08
-0.585906 -8.87538e+08
-0.579227 -8.84424e+08
-0.572548 -8.81318e+08
-0.56587 -8.78219e+08
-0.559191 -8.75127e+08
-0.552512 -8.72042e+08
-0.545833 -8.68964e+08
-0.539154 -8.65894e+08
-0.532475 -8.62831e+08
-0.525796 -8.59775e+08
-0.519117 -8.56726e+08
-0.512438 -8.53685e+08
-0.505759 -8.5065e+08
-0.49908 -8.47623e+08
-0.492401 -8.44603e+08
-0.485722 -8.4159e+08
-0.479043 -8.38584e+08
-0.472365 -8.35585e+08
-0.465686 -8.32593e+08
-0.459007 -8.29609e+08
-0.452328 -8.26631e+08
-0.445649 -8.23661e+08
-0.43897 -8.20698e+08
-0.432291 -8.17742e+08
-0.425612 -8.14792e+08
-0.418933 -8.1185e+08
-0.412254 -8.08915e+08
-0.405575 -8.05987e+08
-0.398896 -8.03066e+08
-0.392217 -8.00152e+08
-0.385538 -7.97245e+08
-0.37886 -7.94345e+08
-0.372181 -7.91452e+08
-0.365502 -7.88566e+08
-0.358823 -7.85687e+08
-0.352144 -7.82815e+08
-0.345465 -7.7995e+08
-0.338786 -7.77092e+08
-0.332107 -7.74241e+08
-0.325428 -7.71396e+08
-0.318749 -7.68559e+08
-0.31207 -7.65729e+08
-0.305391 -7.62905e+08
-0.298712 -7.60088e+08
-0.292033 -7.57279e+08
-0.285355 -7.54476e+08
-0.278676 -7.5168e+08
-0.271997 -7.48891e+08
-0.265318 -7.46109e+08
-0.258639 -7.43333e+08
-0.25196 -7.40565e+08
-0.245281 -7.37803e+08
-0.238602 -7.35048e+08
-0.231923 -7.323e+08
-0.225244 -7.29559e+08
-0.218565 -7.26824e+08
-0.211886 -7.24096e+08
-0.205207 -7.21376e+08
-0.198528 -7.18661e+08
-0.191849 -7.15954e+08
-0.185171 -7.13254e+08
-0.178492 -7.1056e+08
-0.171813 -7.07873e+08
-0.165134 -7.05192e+08
-0.158455 -7.02519e+08
-0.151776 -6.99852e+08
-0.145097 -6.97191e+08
-0.138418 -6.94538e+08
-0.131739 -6.91891e+08
-0.12506 -6.89251e+08
-0.118381 -6.86617e+08
-0.111702 -6.83991e+08
-0.105023 -6.81371e+08
-0.0983445 -6.78757e+08
-0.0916656 -6.7615e+08
-0.0849866 -6.7355e+08
-0.0783077 -6.70956e+08
-0.0716288 -6.68369e+08
-0.0649498 -6.65789e+08
-0.0582709 -6.63215e+08
-0.051592 -6.60648e+08
-0.044913 -6.58087e+08
-0.0382341 -6.55533e+08
-0.0315552 -6.52986e+08
-0.0248763 -6.50445e+08
-0.0181973 -6.47911e+08
-0.0115184 -6.45383e+08
-0.00483946 -6.42862e+08
0.00183946 -6.40347e+08
0.00851839 -6.37839e+08
0.0151973 -6.35337e+08
0.0218763 -6.32842e+08
0.0285552 -6.30353e+08
0.0352341 -6.27871e+08
0.041913 -6.25395e+08
0.048592 -6.22926e+08
0.0552709 -6.20463e+08
0.0619498 -6.18006e+08
0.0686288 -6.15556e+08
0.0753077 -6.13113e+08
0.0819866 -6.10676e+08
0.0886656 -6.08245e+08
0.0953445 -6.05821e+08
0.102023 -6.03403e+08
0.108702 -6.00991e+08
0.115381 -5.98586e+08
0.12206 -5.96187e+08
0.128739 -5.93795e+08
0.135418 -5.91409e+08
0.142097 -5.89029e+08
0.148776 -5.86656e+08
0.155455 -5.84289e+08
0.162134 -5.81928e+08
0.168813 -5.79574e+08
0.175492 -5.77226e+08
0.182171 -5.74884e+08
0.188849 -5.72548e+08
0.195528 -5.70219e+08
0.202207 -5.67896e+08
0.208886 -5.65579e+08
0.215565 -5.63269e+08
0.222244 -5.60965e+08
0.228923 -5.58667e+08
0.235602 -5.56375e+08
0.242281 -5.5409e+08
0.24896 -5.5181e+08
0.255639 -5.49537e+08
0.262318 -5.4727e+08
0.268997 -5.4501e+08
0.275676 -5.42755e+08
0.282355 -5.40507e+08
0.289033 -5.38265e+08
0.295712 -5.36029e+08
0.302391 -5.33799e+08
0.30907 -5.31575e+08
0.315749 -5.29358e+08
0.322428 -5.27146e+08
0.329107 -5.24941e+08
0.335786 -5.22741e+08
0.342465 -5.20548e+08
0.349144 -5.18361e+08
0.355823 -5.1618e+08
0.362502 -5.14005e+08
0.369181 -5.11836e+08
0.37586 -5.09674e+08
0.382538 -5.07517e+08
0.389217 -5.05366e+08
0.395896 -5.03222e+08
0.402575 -5.01083e+08
0.409254 -4.9895e+08
0.415933 -4.96824e+08
0.422612 -4.94703e+08
0.429291 -4.92588e+08
0.43597 -4.9048e+08
0.442649 -4.88377e+08
0.449328 -4.8628e+08
0.456007 -4.84189e+08
0.462686 -4.82104e+08
0.469365 -4.80025e+08
0.476043 -4.77952e+08
0.482722 -4.75885e+08
0.489401 -4.73824e+08
0.49608 -4.71769e+08
0.502759 -4.6972e+08
0.509438 -4.67676e+08
0.516117 -4.65639e+08
0.522796 -4.63607e+08
0.529475 -4.61581e+08
0.536154 -4.59561e+08
0.542833 -4.57547e+08
0.549512 -4.55538e+08
0.556191 -4.53536e+08
0.56287 -4.51539e+08
0.569548 -4.49548e+08
0.576227 -4.47563e+08
0.582906 -4.45584e+08
0.589585 -4.43611e+08
0.596264 -4.41643e+08
0.602943 -4.39681e+08
0.609622 -4.37725e+08
0.616301 -4.35774e+08
0.62298 -4.3383e+08
0.629659 -4.31891e+08
0.636338 -4.29958e+08
0.643017 -4.2803e+08
0.649696 -4.26108e+08
0.656375 -4.24192e+08
0.663054 -4.22282e+08
0.669732 -4.20377e+08
0.676411 -4.18478e+08
0.68309 -4.16585e+08
0.689769 -4.14697e+08
0.696448 -4.12815e+08
0.703127 -4.10939e+08
0.709806 -4.09068e+08
0.716485 -4.07203e+08
0.723164 -4.05343e+08
0.729843 -4.03489e+08
0.736522 -4.01641e+08
0.743201 -3.99798e+08
0.74988 -3.97961e+08
0.756559 -3.9613e+08
0.763237 -3.94304e+08
0.769916 -3.92483e+08
0.776595 -3.90668e+08
0.783274 -3.88859e+08
0.789953 -3.87055e+08
0.796632 -3.85257e+08
0.803311 -3.83464e+08
0.80999 -3.81677e+08
0.816669 -3.79895e+08
0.823348 -3.78119e+08
0.830027 -3.76348e+08
0.836706 -3.74583e+08
0.843385 -3.72823e+08
0.850064 -3.71069e+08
0.856742 -3.6932e+08
0.863421 -3.67576e+08
0.8701 -3.65838e+08
0.876779 -3.64106e+08
0.883458 -3.62379e+08
0.890137 -3.60657e+08
0.896816 -3.5894e+08
0.903495 -3.5723e+08
0.910174 -3.55524e+08
0.916853 -3.53824e+08
0.923532 -3.52129e+08
0.930211 -3.50439e+08
0.93689 -3.48755e+08
0.943569 -3.47076e+08
0.950247 -3.45403e+08
0.956926 -3.43735e+08
0.963605 -3.42072e+08
0.970284 -3.40415e+08
0.976963 -3.38762e+08
0.983642 -3.37115e+08
0.990321 -3.35474e+08
0.997 -3.33837e+08
