-5 4243.16
-4.79798 4150.79
-4.59596 3959.4
-4.39394 3685.39
-4.19192 3345.14
-3.9899 2955.04
-3.78788 2531.49
-3.58586 2090.88
-3.38384 1649.58
-3.18182 1224
-2.9798 830.514
-2.77778 485.521
-2.57576 201.871
-2.37374 -21.729
-2.17172 -190.11
-1.9697 -308.102
-1.76768 -380.535
-1.56566 -412.239
-1.36364 -408.046
-1.16162 -372.784
-0.959596 -311.284
-0.757576 -228.376
-0.555556 -128.891
-0.353535 -17.754
-0.151515 99.7264
0.0505051 218.146
0.252525 332.103
0.454545 436.191
0.656566 525.008
0.858586 593.15
1.06061 635.213
1.26263 645.793
1.46465 619.487
1.66667 550.89
1.86869 439.3
2.07071 302.811
2.27273 164.22
2.47475 46.3217
2.67677 -28.0878
2.87879 -36.2129
3.08081 44.7421
3.28283 237.573
3.48485 565.075
3.68687 1050.04
3.88889 1715.28
4.09091 2575.83
4.29293 3615.82
4.49495 4811.61
4.69697 6139.6
4.89899 7576.15
5.10101 9097.63
5.30303 10680.4
5.50505 12300.9
5.70707 13935.5
5.90909 15560.5
6.11111 17152.3
6.31313 18703.6
6.51515 20272
6.71717 21931.5
6.91919 23756
7.12121 25819.4
7.32323 28195.7
7.52525 30958.7
7.72727 34182.6
7.92929 37941.1
8.13131 42308.2
8.33333 47357.9
8.53535 53136.6
8.73737 59580.8
8.93939 66599.4
9.14141 74101.7
9.34343 81996.4
9.54545 90192.8
9.74747 98599.7
9.94949 107126
10.1515 115681
10.3535 124174
10.5556 132513
10.7576 140687
10.9596 149000
11.1616 157833
11.3636 167570
11.5657 178594
11.7677 191286
11.9697 206030
12.1717 223209
12.3737 243205
12.5758 266401
12.7778 293179
12.9798 293772
13.1818 319197
13.3838 345357
13.5859 371207
13.7879 395705
13.9899 417807
14.1919 436468
14.3939 450645
14.596 459295
14.798 461374
15 455838
