1 18.2782
1.0202 16.64
1.0404 16.4008
1.06061 16.9782
1.08081 17.7893
1.10101 18.2517
1.12121 17.7828
1.14141 15.7998
1.16162 11.7202
1.18182 4.96149
1.20202 -5.05908
1.22222 -18.9241
1.24242 37.4719
1.26263 39.6211
1.28283 41.7202
1.30303 43.7807
1.32323 45.8145
1.34343 47.8332
1.36364 49.8486
1.38384 51.8722
1.40404 53.9159
1.42424 55.9913
1.44444 58.1101
1.46465 64.1873
1.48485 67.4599
1.50505 70.9365
1.52525 74.6259
1.54545 78.5368
1.56566 82.678
1.58586 87.0583
1.60606 91.6864
1.62626 96.5713
1.64646 101.722
1.66667 105.1
1.68687 110.042
1.70707 115.101
1.72727 120.267
1.74747 125.53
1.76768 130.882
1.78788 136.313
1.80808 141.814
1.82828 147.376
1.84848 152.989
1.86869 158.644
1.88889 164.333
1.90909 171.617
1.92929 177.966
1.94949 184.485
1.9697 191.188
1.9899 198.086
2.0101 205.195
2.0303 212.527
2.05051 220.096
2.07071 227.914
2.09091 235.995
2.11111 244.353
2.13131 253.786
2.15152 262.956
2.17172 272.469
2.19192 282.337
2.21212 292.573
2.23232 303.189
2.25253 314.197
2.27273 325.609
2.29293 337.437
2.31313 349.694
2.33333 361.207
2.35354 373.867
2.37374 386.861
2.39394 400.18
2.41414 413.82
2.43434 427.775
2.45455 442.037
2.47475 456.602
2.49495 471.462
2.51515 486.612
2.53535 502.046
2.55556 517.757
2.57576 534.262
2.59596 550.793
2.61616 567.683
2.63636 584.945
2.65657 602.588
2.67677 620.625
2.69697 639.066
2.71717 657.924
2.73737 677.21
2.75758 696.935
2.77778 717.111
2.79798 737.334
2.81818 757.828
2.83838 778.447
2.85859 799.115
2.87879 819.754
2.89899 840.289
2.91919 860.642
2.93939 880.738
2.9596 900.498
2.9798 919.846
3 938.707
