-15 446207
-14.798 450447
-14.596 447012
-14.3939 436985
-14.1919 421452
-13.9899 401498
-13.7879 378207
-13.5859 352666
-13.3838 325958
-13.1818 299169
-12.9798 273384
-12.7778 249688
-12.5758 228930
-12.3737 211019
-12.1717 195627
-11.9697 182429
-11.7677 171097
-11.5657 161305
-11.3636 152724
-11.1616 145029
-10.9596 137892
-10.7576 130987
-10.5556 123987
-10.3535 116637
-10.1515 108971
-9.94949 101095
-9.74747 93115.6
-9.54545 85139.5
-9.34343 77272.8
-9.14141 69621.7
-8.93939 62292.7
-8.73737 55391.9
-8.53535 49025.8
-8.33333 43300.6
-8.13131 38293.3
-7.92929 33963.6
-7.72727 30241.9
-7.52525 27058.6
-7.32323 24343.9
-7.12121 22028.3
-6.91919 20042.2
-6.71717 18315.8
-6.51515 16779.5
-6.31313 15363.8
-6.11111 13998.9
-5.90909 12629.6
-5.70707 11257.2
-5.50505 9897.87
-5.30303 8567.29
-5.10101 7281.36
-4.89899 6055.92
-4.69697 4906.84
-4.49495 3849.96
-4.29293 2901.14
-4.09091 2076.23
-3.88889 1391.1
-3.68687 856.123
-3.48485 459.861
-3.28283 185.407
-3.08081 15.8519
-2.87879 -65.7113
-2.67677 -76.1901
-2.47475 -32.4919
-2.27273 48.476
-2.07071 149.806
-1.86869 254.591
-1.66667 345.923
-1.46465 410.16
-1.26263 446.722
-1.06061 458.291
-0.858586 447.553
-0.656566 417.192
-0.454545 369.891
-0.252525 308.335
-0.0505051 235.208
0.151515 153.194
0.353535 64.9775
0.555556 -26.7575
0.757576 -118.464
0.959596 -203.142
1.16162 -272.93
1.36364 -319.964
1.56566 -336.384
1.76768 -314.325
1.9697 -245.926
2.17172 -123.325
2.37374 61.3421
2.57576 315.937
2.77778 648.321
2.9798 1061.56
3.18182 1539.5
3.38384 2061.22
3.58586 2605.75
3.78788 3152.17
3.9899 3679.53
4.19192 4166.89
4.39394 4593.3
4.59596 4937.82
4.79798 5179.5
5 5297.42
