1 15.1013
1.0202 16.5657
1.0404 18.0568
1.06061 19.5798
1.08081 21.1395
1.10101 22.7412
1.12121 24.3897
1.14141 26.0902
1.16162 27.8475
1.18182 29.6669
1.20202 31.5532
1.22222 33.5116
1.24242 35.5478
1.26263 37.6709
1.28283 39.8908
1.30303 42.2173
1.32323 44.6603
1.34343 47.2296
1.36364 49.9351
1.38384 52.7866
1.40404 55.794
1.42424 58.9672
1.44444 62.3161
1.46465 65.8447
1.48485 69.535
1.50505 73.3631
1.52525 77.3052
1.54545 81.3373
1.56566 85.4357
1.58586 89.5765
1.60606 93.7358
1.62626 97.8898
1.64646 102.015
1.66667 106.087
1.68687 110.097
1.70707 114.095
1.72727 118.147
1.74747 122.318
1.76768 126.672
1.78788 131.276
1.80808 136.194
1.82828 141.492
1.84848 147.234
1.86869 153.486
1.88889 160.313
1.90909 167.753
1.92929 175.727
1.94949 184.131
1.9697 192.86
1.9899 201.808
2.0101 210.871
2.0303 219.942
2.05051 228.917
2.07071 237.691
2.09091 246.158
2.11111 254.213
2.13131 261.8
2.15152 269.053
2.17172 276.157
2.19192 283.297
2.21212 290.656
2.23232 298.418
2.25253 306.767
2.27273 315.888
2.29293 325.964
2.31313 337.18
2.33333 349.72
2.35354 363.694
2.37374 378.922
2.39394 395.151
2.41414 412.125
2.43434 429.593
2.45455 447.298
2.47475 464.989
2.49495 482.41
2.51515 499.308
2.53535 515.43
2.55556 530.52
2.57576 544.439
2.59596 557.493
2.61616 570.101
2.63636 582.684
2.65657 595.662
2.67677 609.452
2.69697 624.476
2.71717 641.153
2.73737 659.903
2.75758 681.144
2.77778 705.298
2.79798 732.461
2.81818 761.445
2.83838 790.739
2.85859 818.832
2.87879 844.213
2.89899 865.372
2.91919 880.798
2.93939 888.981
2.9596 888.408
2.9798 877.571
3 854.957
