5 6991.33
5.0101 6929.11
5.0202 6884.35
5.0303 6855.52
5.0404 6841.07
5.05051 6839.48
5.06061 6849.2
5.07071 6868.7
5.08081 6896.44
5.09091 6930.88
5.10101 6970.49
5.11111 7013.73
5.12121 7114.86
5.13131 7181.52
5.14141 7252.38
5.15152 7326.58
5.16162 7403.25
5.17172 7481.53
5.18182 7560.56
5.19192 7639.48
5.20202 7717.42
5.21212 7793.52
5.22222 7866.92
5.23232 7982.12
5.24242 8064.34
5.25253 8145.42
5.26263 8225.04
5.27273 8302.87
5.28283 8378.58
5.29293 8451.85
5.30303 8522.35
5.31313 8589.75
5.32323 8653.73
5.33333 8713.95
5.34343 8803.06
5.35354 8866.88
5.36364 8928.9
5.37374 8989.17
5.38384 9047.73
5.39394 9104.63
5.40404 9159.89
5.41414 9213.58
5.42424 9265.73
5.43434 9316.38
5.44444 9365.57
5.45455 9431.96
5.46465 9485
5.47475 9538.26
5.48485 9591.95
5.49495 9646.29
5.50505 9701.52
5.51515 9757.86
5.52525 9815.52
5.53535 9874.73
5.54545 9935.72
5.55556 9998.7
5.56566 10066.2
5.57576 10134.3
5.58586 10205.1
5.59596 10278.6
5.60606 10355.1
5.61616 10434.9
5.62626 10518
5.63636 10604.7
5.64646 10695.1
5.65657 10789.5
5.66667 10888.1
5.67677 10975.2
5.68687 11076.2
5.69697 11180.1
5.70707 11286.8
5.71717 11396.3
5.72727 11508.5
5.73737 11623.3
5.74747 11740.6
5.75758 11860.3
5.76768 11982.4
5.77778 12106.7
5.78788 12197.7
5.79798 12312.5
5.80808 12425.6
5.81818 12536.4
5.82828 12644.3
5.83838 12748.7
5.84848 12849
5.85859 12944.5
5.86869 13034.8
5.87879 13119.1
5.88889 13196.9
5.89899 13210.6
5.90909 13251.5
5.91919 13278.3
5.92929 13289.5
5.93939 13283.7
5.94949 13259.5
5.9596 13215.6
5.9697 13150.5
5.9798 13062.7
5.9899 12950.9
6 12813.6
