10
5 9802.9 -2.70232e+06 -5.49272e+06 2.81233e+07
5.11111 9802.9 -2.70232e+06 -5.49272e+06 2.81233e+07
5.22222 9802.9 -2.70232e+06 -5.49272e+06 2.81233e+07
5.33333 9802.9 -2.70232e+06 -5.49272e+06 2.81233e+07
5.44444 9802.9 -2.70232e+06 -5.49272e+06 2.81233e+07
5.55556 9802.9 -2.70232e+06 -5.49272e+06 2.81233e+07
5.66667 9802.9 -2.70232e+06 -5.49272e+06 2.81233e+07
5.77778 9802.9 -2.70232e+06 -5.49272e+06 2.81233e+07
5.88889 9802.9 -2.70232e+06 -5.49272e+06 2.81233e+07
6 12821.1 -517751 -2.53389e+07 -7.49616e+07
